228,18
319,14
319,13
228,17
4294967279,575
228,16
228,15
228,7
4294967279,574
228,14
228,13
228,12
228,11
489,20
489,19
489,16
489,18
489,17
489,12
489,15
489,14
489,6
489,13
489,11
489,5
489,10
489,9
489,8
489,7
4294967278,383
434,14
434,13
434,12
4294967279,573
290,13
290,12
290,6
290,11
290,10
290,5
290,9
290,8
290,7
4294967279,572
262,12
262,11
262,10
262,9
262,8
262,7
262,6
4294967279,571
4294967279,570
115,10
115,9
4294967278,382
4294967294,1744
4294967294,1842
4294967294,1704
489,4
489,3
489,2
489,1
4294967294,1766
4294967294,1922
4294967294,1841
488,6
488,5
488,4
488,3
488,2
488,1
4294967294,1840
487,6
487,5
487,4
487,3
487,2
487,1
486,9
486,8
486,7
486,6
486,5
486,4
486,3
486,2
486,1
485,12
485,11
485,10
485,9
485,8
485,7
485,6
485,5
485,4
485,3
485,2
485,1
484,9
484,8
484,7
484,6
484,5
484,4
484,3
484,2
484,1
4294967294,2002
483,7
483,6
483,5
483,4
483,3
483,2
483,1
4294967279,569
482,8
482,7
482,6
482,5
482,4
482,3
482,2
482,1
4294967294,1839
481,9
481,8
481,7
481,6
481,5
481,4
481,3
481,2
481,1
4294967294,1778
4294967294,1777
4294967294,1774
480,22
480,21
480,20
480,19
480,18
480,17
480,16
480,15
480,14
480,13
480,12
480,11
480,10
480,9
480,8
480,7
480,6
480,5
480,4
480,3
480,2
480,1
4294967294,2051
4294967294,2050
479,9
479,8
479,7
479,6
479,5
479,4
479,3
479,2
479,1
4294967294,1838
478,7
478,6
478,5
478,4
478,3
478,2
478,1
4294967279,568
4294967294,1837
477,12
477,11
477,10
477,9
477,8
477,7
477,6
477,5
477,4
477,3
477,2
477,1
4294967278,381
4294967294,1866
4294967294,1865
4294967294,1864
4294967294,1863
4294967294,2001
4294967294,1776
4294967294,2112
476,9
476,8
476,7
476,6
476,5
476,4
476,3
476,2
476,1
4294967278,380
4294967294,1685
4294967294,1836
475,12
475,11
475,10
475,9
475,8
475,7
475,6
475,5
475,4
475,3
475,2
475,1
4294967294,1921
474,7
474,6
474,5
474,4
474,3
474,2
474,1
473,9
473,8
473,7
473,6
473,5
473,4
473,3
473,2
473,1
472,7
472,6
472,5
472,4
472,3
472,2
472,1
4294967294,1775
471,10
471,9
471,8
471,7
471,6
471,5
471,4
471,3
471,2
471,1
4294967294,1835
470,6
470,5
470,4
470,3
470,2
470,1
4294967294,1834
469,6
469,5
469,4
469,3
469,2
469,1
4294967294,1769
4294967294,2000
468,7
468,6
468,5
468,4
468,3
468,2
468,1
467,5
467,4
467,3
467,2
467,1
4294967294,1833
466,5
466,4
466,3
466,2
466,1
4294967278,379
465,5
465,4
465,3
465,2
465,1
4294967294,1773
464,5
464,4
464,3
464,2
464,1
4294967294,1832
463,6
463,5
463,4
463,3
463,2
463,1
4294967279,567
4294967294,1831
462,6
462,5
462,4
462,3
462,2
462,1
461,6
461,5
461,4
461,3
461,2
461,1
4294967294,1999
460,7
460,6
460,5
460,4
460,3
460,2
460,1
459,6
459,5
459,4
459,3
459,2
459,1
4294967278,378
4294967294,1830
458,7
458,6
458,5
458,4
458,3
458,2
458,1
4294967278,377
457,6
457,5
457,4
457,3
457,2
457,1
4294967294,1772
4294967294,1771
4294967294,1829
456,10
456,9
456,8
456,7
456,6
456,5
456,4
456,3
456,2
456,1
4294967294,1862
4294967294,1770
4294967294,1741
4294967294,92
455,8
455,7
455,6
455,5
455,4
455,3
455,2
455,1
4294967294,2049
454,8
454,7
454,6
454,5
454,4
454,3
454,2
454,1
4294967278,376
4294967294,1998
453,7
453,6
453,5
453,4
453,3
453,2
453,1
452,14
452,13
452,12
452,11
452,10
452,9
452,8
452,7
452,6
452,5
452,4
452,3
452,2
452,1
4294967294,1997
4294967294,1828
451,7
451,6
451,5
451,4
451,3
451,2
451,1
450,7
450,6
450,5
450,4
450,3
450,2
450,1
449,13
449,12
449,11
449,10
449,9
449,8
449,7
449,6
449,5
449,4
449,3
449,2
449,1
4294967279,566
4294967294,1742
4294967294,1827
448,22
448,21
448,20
448,19
448,18
448,17
448,16
448,15
448,14
448,13
448,12
448,11
448,10
448,9
448,8
448,7
448,6
448,5
448,4
448,3
448,2
448,1
4294967294,1768
4294967294,1826
447,7
447,6
447,5
447,4
447,3
447,2
447,1
4294967294,1767
4294967294,1749
446,7
446,6
446,5
446,4
446,3
446,2
446,1
4294967294,1996
4294967294,1047
4294967294,1825
445,6
445,5
445,4
445,3
445,2
445,1
444,9
444,8
444,7
444,6
444,5
444,4
444,3
444,2
444,1
4294967294,1995
4294967294,1994
4294967294,1993
443,7
443,6
443,5
443,4
443,3
443,2
443,1
4294967294,1859
442,10
442,9
442,8
442,7
442,6
442,5
442,4
442,3
442,2
442,1
4294967294,1708
441,7
441,6
441,5
441,4
441,3
441,2
441,1
4294967294,1824
440,11
440,10
440,9
440,8
440,7
440,6
440,5
440,4
440,3
440,2
440,1
4294967294,1823
439,11
439,10
439,9
439,8
439,7
439,6
439,5
439,4
439,3
439,2
439,1
4294967278,375
438,11
438,10
438,9
438,8
438,7
438,6
438,5
438,4
438,3
438,2
438,1
4294967294,1765
4294967294,1822
437,8
437,7
437,6
437,5
437,4
437,3
437,2
437,1
4294967294,1764
4294967294,1821
436,7
436,6
436,5
436,4
436,3
436,2
436,1
4294967294,1763
435,8
435,7
435,6
435,5
435,4
435,3
435,2
435,1
4294967294,2048
4294967294,1992
4294967294,1820
434,11
434,10
434,9
434,8
434,7
434,6
434,5
434,4
434,3
434,2
434,1
4294967294,1819
433,22
433,21
433,20
433,19
433,18
433,17
433,16
433,15
433,14
433,13
433,12
433,11
433,10
433,9
433,8
433,7
433,6
433,5
433,4
433,3
433,2
433,1
4294967294,1762
4294967294,991
4294967294,1818
432,8
432,7
432,6
432,5
432,4
432,3
432,2
432,1
431,7
431,6
431,5
431,4
431,3
431,2
431,1
4294967278,374
430,10
430,9
430,8
430,7
430,6
430,5
430,4
430,3
430,2
430,1
429,5
429,4
429,3
429,2
429,1
428,6
428,5
428,4
428,3
428,2
428,1
4294967294,1991
4294967294,1817
427,5
427,4
427,3
427,2
427,1
4294967294,1816
426,8
426,7
426,6
426,5
426,4
426,3
426,2
426,1
425,6
425,5
425,4
425,3
425,2
425,1
4294967278,373
4294967294,1815
424,21
424,20
424,19
424,18
424,17
424,16
424,15
424,14
424,13
424,12
424,11
424,10
424,9
424,8
424,7
424,6
424,5
424,4
424,3
424,2
424,1
4294967294,1761
423,14
423,13
423,12
423,11
423,10
423,9
423,8
423,7
423,6
423,5
423,4
423,3
423,2
423,1
4294967294,1760
4294967294,1814
422,7
422,6
422,5
422,4
422,3
422,2
422,1
4294967294,1813
421,9
421,8
421,7
421,6
421,5
421,4
421,3
421,2
421,1
4294967279,565
420,7
420,6
420,5
420,4
420,3
420,2
420,1
4294967279,564
4294967294,1812
419,7
419,6
419,5
419,4
419,3
419,2
419,1
4294967294,1759
418,8
418,7
418,6
418,5
418,4
418,3
418,2
418,1
4294967294,1758
4294967294,1726
417,8
417,7
417,6
417,5
417,4
417,3
417,2
417,1
4294967294,1990
4294967294,1757
4294967294,1756
4294967294,1811
416,7
416,6
416,5
416,4
416,3
416,2
416,1
4294967294,86
415,10
415,9
415,8
415,7
415,6
415,5
415,4
415,3
415,2
415,1
4294967278,372
4294967294,1861
4294967294,1860
4294967294,1858
4294967294,1810
414,18
414,17
414,16
414,15
414,14
414,13
414,12
414,11
414,10
414,9
414,8
414,7
414,6
414,5
414,4
414,3
414,2
414,1
4294967294,1727
413,6
413,5
413,4
413,3
413,2
413,1
412,15
412,14
412,13
412,12
412,11
412,10
412,9
412,8
412,7
412,6
412,5
412,4
412,3
412,2
412,1
4294967294,1809
411,9
411,8
411,7
411,6
411,5
411,4
411,3
411,2
411,1
4294967294,1808
4294967294,1807
410,14
410,13
410,12
410,11
410,10
410,9
410,8
410,7
410,6
410,5
410,4
410,3
410,2
410,1
4294967294,1806
4294967294,1805
409,12
409,11
409,10
409,9
409,8
409,7
409,6
409,5
409,4
409,3
409,2
409,1
4294967294,1755
4294967294,1804
408,8
408,7
408,6
408,5
408,4
408,3
408,2
408,1
4294967279,563
4294967294,1754
4294967294,1753
407,8
407,7
407,6
407,5
407,4
407,3
407,2
407,1
4294967294,1989
4294967294,85
4294967294,1803
406,7
406,6
406,5
406,4
406,3
406,2
406,1
4294967294,1802
405,18
405,17
405,16
405,15
405,14
405,13
405,12
405,11
405,10
405,9
405,8
405,7
405,6
405,5
405,4
405,3
405,2
405,1
4294967279,562
404,9
404,8
404,7
404,6
404,5
404,4
404,3
404,2
404,1
4294967279,561
4294967294,1801
403,9
403,8
403,7
403,6
403,5
403,4
403,3
403,2
403,1
4294967294,1857
4294967294,1752
402,6
402,5
402,4
402,3
402,2
402,1
4294967294,1800
401,17
401,16
401,15
401,14
401,13
401,12
401,11
401,10
401,9
401,8
401,7
401,6
401,5
401,4
401,3
401,2
401,1
4294967294,1751
400,8
400,7
400,6
400,5
400,4
400,3
400,2
400,1
399,6
399,5
399,4
399,3
399,2
399,1
4294967294,1988
4294967294,1799
398,19
398,18
398,17
398,16
398,15
398,14
398,13
398,12
398,11
398,10
398,9
398,8
398,7
398,6
398,5
398,4
398,3
398,2
398,1
397,9
397,8
397,7
397,6
397,5
397,4
397,3
397,2
397,1
396,8
396,7
396,6
396,5
396,4
396,3
396,2
396,1
4294967294,1798
395,12
395,11
395,10
395,9
395,8
395,7
395,6
395,5
395,4
395,3
395,2
395,1
4294967294,1750
4294967294,1729
394,11
394,10
394,9
394,8
394,7
394,6
394,5
394,4
394,3
394,2
394,1
4294967294,1797
393,7
393,6
393,5
393,4
393,3
393,2
393,1
4294967278,371
4294967294,1796
392,14
392,13
392,12
392,11
392,10
392,9
392,8
392,7
392,6
392,5
392,4
392,3
392,2
392,1
4294967294,1736
391,12
391,11
391,10
391,9
391,8
391,7
391,6
391,5
391,4
391,3
391,2
391,1
4294967294,1795
390,6
390,5
390,4
390,3
390,2
390,1
4294967279,560
4294967294,1987
389,7
389,6
389,5
389,4
389,3
389,2
389,1
4294967294,1794
4294967294,1748
388,14
388,13
388,12
388,11
388,10
388,9
388,8
388,7
388,6
388,5
388,4
388,3
388,2
388,1
4294967294,1747
4294967294,1793
387,12
387,11
387,10
387,9
387,8
387,7
387,6
387,5
387,4
387,3
387,2
387,1
386,6
386,5
386,4
386,3
386,2
386,1
4294967294,1682
385,9
385,8
385,7
385,6
385,5
385,4
385,3
385,2
385,1
384,8
384,7
384,6
384,5
384,4
384,3
384,2
384,1
4294967279,559
4294967294,1046
4294967294,1663
383,8
383,7
383,6
383,5
383,4
383,3
383,2
383,1
382,10
382,9
382,8
382,7
382,6
382,5
382,4
382,3
382,2
382,1
381,10
381,9
381,8
381,7
381,6
381,5
381,4
381,3
381,2
381,1
380,7
380,6
380,5
380,4
380,3
380,2
380,1
379,7
379,6
379,5
379,4
379,3
379,2
379,1
4294967294,1746
4294967294,1986
4294967294,1745
378,7
378,6
378,5
378,4
378,3
378,2
378,1
377,7
377,6
377,5
377,4
377,3
377,2
377,1
4294967294,1694
4294967294,1662
4294967294,1661
376,28
376,27
376,26
376,25
376,24
376,23
376,22
376,21
376,20
376,19
376,18
376,17
376,16
376,15
376,14
376,13
376,12
376,11
376,10
376,9
376,8
376,7
376,6
376,5
376,4
376,3
376,2
376,1
4294967294,1743
4294967294,1735
4294967294,2111
4294967294,1985
375,8
375,7
375,6
375,5
375,4
375,3
375,2
375,1
374,7
374,6
374,5
374,4
374,3
374,2
374,1
4294967278,370
373,7
373,6
373,5
373,4
373,3
373,2
373,1
4294967294,1697
4294967294,1660
4294967294,1659
372,6
372,5
372,4
372,3
372,2
372,1
371,7
371,6
371,5
371,4
371,3
371,2
371,1
4294967294,1658
370,14
370,13
370,12
370,11
370,10
370,9
370,8
370,7
370,6
370,5
370,4
370,3
370,2
370,1
4294967294,1984
369,7
369,6
369,5
369,4
369,3
369,2
369,1
4294967294,1740
4294967294,1920
368,7
368,6
368,5
368,4
368,3
368,2
368,1
4294967278,369
4294967294,1739
4294967294,1738
367,7
367,6
367,5
367,4
367,3
367,2
367,1
4294967294,1856
4294967294,1737
4294967294,1734
4294967294,1657
366,5
366,4
366,3
366,2
366,1
365,5
365,4
365,3
365,2
365,1
364,5
364,4
364,3
364,2
364,1
363,5
363,4
363,3
363,2
363,1
362,5
362,4
362,3
362,2
362,1
361,5
361,4
361,3
361,2
361,1
360,5
360,4
360,3
360,2
360,1
359,5
359,4
359,3
359,2
359,1
358,5
358,4
358,3
358,2
358,1
4294967278,368
4294967294,1656
357,5
357,4
357,3
357,2
357,1
4294967294,1655
356,5
356,4
356,3
356,2
356,1
4294967278,367
355,5
355,4
355,3
355,2
355,1
4294967278,366
354,21
354,20
354,19
354,18
354,17
354,16
354,15
354,14
354,13
354,12
354,11
354,10
354,9
354,8
354,7
354,6
354,5
354,4
354,3
354,2
354,1
4294967294,1718
4294967294,511
4294967294,1654
353,5
353,4
353,3
353,2
353,1
352,6
352,5
352,4
352,3
352,2
352,1
351,6
351,5
351,4
351,3
351,2
351,1
4294967294,1653
350,36
350,35
350,34
350,33
350,32
350,31
350,30
350,29
350,28
350,27
350,26
350,25
350,24
350,23
350,22
350,21
350,20
350,19
350,18
350,17
350,16
350,15
350,14
350,13
350,12
350,11
350,10
350,9
350,8
350,7
350,6
350,5
350,4
350,3
350,2
350,1
4294967294,1792
349,11
349,10
349,9
349,8
349,7
349,6
349,5
349,4
349,3
349,2
349,1
4294967279,558
4294967294,1720
4294967294,1733
348,11
348,10
348,9
348,8
348,7
348,6
348,5
348,4
348,3
348,2
348,1
4294967294,1732
4294967294,1731
347,10
347,9
347,8
347,7
347,6
347,5
347,4
347,3
347,2
347,1
4294967294,1730
4294967294,1597
346,14
346,13
346,12
346,11
346,10
346,9
346,8
346,7
346,6
346,5
346,4
346,3
346,2
346,1
4294967294,510
4294967294,1652
345,14
345,13
345,12
345,11
345,10
345,9
345,8
345,7
345,6
345,5
345,4
345,3
345,2
345,1
4294967294,1706
344,7
344,6
344,5
344,4
344,3
344,2
344,1
343,6
343,5
343,4
343,3
343,2
343,1
4294967279,557
342,12
342,11
342,10
342,9
342,8
342,7
342,6
342,5
342,4
342,3
342,2
342,1
4294967294,1651
341,6
341,5
341,4
341,3
341,2
341,1
4294967294,1650
340,12
340,11
340,10
340,9
340,8
340,7
340,6
340,5
340,4
340,3
340,2
340,1
339,7
339,6
339,5
339,4
339,3
339,2
339,1
4294967294,1728
4294967294,1716
4294967294,1649
4294967294,1648
338,13
338,12
338,11
338,10
338,9
338,8
338,7
338,6
338,5
338,4
338,3
338,2
338,1
4294967294,1687
4294967294,509
337,13
337,12
337,11
337,10
337,9
337,8
337,7
337,6
337,5
337,4
337,3
337,2
337,1
336,10
336,9
336,8
336,7
336,6
336,5
336,4
336,3
336,2
336,1
335,13
335,12
335,11
335,10
335,9
335,8
